   8.9686495e-01   3.2974400e-01   8.7386461e-01   3.0117309e-01
   1.5139217e-01   7.8536642e-01   1.7905432e-01   7.1870464e-01
   7.9187490e-01   7.6729183e-01   8.0609506e-01   8.2511149e-01
   7.3799460e-01   7.2159618e-01   7.5997967e-01   7.9662710e-01
   8.6879959e-01   7.5752915e-01   6.8348614e-01   7.1636184e-01
   2.9321813e-01   3.5880274e-01   2.4460693e-01   3.7505745e-01
   7.3516837e-01   7.4857290e-01   7.5485706e-01   6.9725149e-01
   2.7517844e-01   2.0306775e-01   2.1575356e-01   3.6191790e-01
   2.2693320e-01   3.5049760e-01   1.8459668e-01   3.3904502e-01
   2.7534801e-01   4.0311420e-01   2.0411425e-01   3.1745014e-01
   1.0000000e+00   8.0362211e-01   1.0000000e+00   8.4977870e-01
   3.5047047e-01   8.3000139e-01   2.6050931e-01   8.0696512e-01
   7.0916359e-01   8.1963192e-01   7.1324435e-01   8.0148380e-01
   7.5830632e-01   6.4876464e-01   7.9486514e-01   7.9102115e-01
   7.7035953e-02   6.2964102e-01   6.7416741e-02   5.6601169e-01
   2.4008107e-01   7.6205025e-01   1.9925102e-01   6.9237026e-01
   2.4449322e-01   7.5191330e-01   2.3650589e-01   8.0587900e-01
   2.3610361e-01   7.5418224e-01   1.8093991e-01   6.9943537e-01
   7.4362856e-01   6.7633153e-01   7.7896707e-01   7.1439622e-01
   9.2560601e-01   1.9878541e-01   6.7263251e-01   2.4201027e-01
   8.3103565e-01   8.1431432e-01   8.7332371e-01   7.8240120e-01
   6.7882889e-01   6.5722327e-01   6.0669932e-01   5.7467512e-01
   1.3000671e-01   7.0077653e-01   2.0789543e-02   7.5483287e-01
   8.2930478e-01   7.6421071e-01   7.9298355e-01   7.1479227e-01
   6.8021817e-01   1.4982005e-01   8.1884477e-01   1.7518760e-01
   1.5857442e-01   7.1708887e-01   2.8203505e-01   8.9262150e-01
   6.5120850e-02   5.8252751e-01   4.6553925e-02   7.5906197e-01
   8.5802632e-01   2.7082011e-01   8.0659427e-01   8.5871268e-02
   7.5032336e-01   7.3975781e-01   7.1128618e-01   8.3312027e-01
   5.9159097e-01   5.9668783e-01   6.0269496e-01   4.0953250e-01
   8.3082279e-01   9.1872076e-01   6.6439562e-01   7.2701962e-01
   1.4670987e-01   7.0823799e-01   2.0654952e-01   7.4754864e-01
   8.4107191e-01   4.5595117e-02   7.1001888e-01   1.4602193e-01
   2.1971834e-01   6.3811442e-01   2.1582041e-01   6.3293368e-01
   3.2369330e-02   6.8781160e-01   0.0000000e+00   5.6894481e-01
   9.2438743e-01   7.6647714e-01   8.7628673e-01   8.4250548e-01
   1.3843756e-01   6.9610564e-01   1.3221823e-01   6.0655347e-01
   4.1083098e-01   8.1813951e-01   3.4553721e-01   6.0680950e-01
   8.8164330e-01   8.2513215e-01   7.5922139e-01   8.2992896e-01
   1.0612140e-01   6.9890021e-01   8.3617796e-02   5.7822632e-01
   1.0814720e-01   6.4350902e-01   1.7670363e-01   5.6715786e-01
   8.5969912e-01   7.4329721e-01   9.6149136e-01   8.9549851e-01
   8.7163759e-01   2.2320125e-01   7.6842958e-01   1.3171809e-01
   1.0775245e-01   7.3344742e-01   9.5700955e-03   5.2298817e-01
   3.1846499e-01   8.0311249e-02   2.4373641e-01   1.6464703e-01
   3.1890424e-01   8.7069564e-01   2.7408280e-01   7.3207677e-01
   1.8611279e-02   6.2099579e-01   2.0434641e-01   6.8110099e-01
   6.7038286e-01   2.4947297e-01   7.5007531e-01   1.9489975e-01
   1.3755631e-01   2.0304436e-01   2.1455454e-01   1.0859055e-01
   7.6649169e-01   0.0000000e+00   5.5026292e-01   6.2275368e-02
   7.8044135e-01   1.0814983e-01   6.6701419e-01   2.0192476e-01
   7.0472746e-01   6.4792846e-01   8.1417195e-01   7.8042357e-01
   3.0782824e-02   1.0634147e-01   1.1556465e-01   1.9317563e-01
   2.0161129e-01   7.5758461e-01   4.0417151e-02   6.9608597e-01
   2.1164877e-01   8.9143849e-02   7.7672565e-02   1.1471745e-01
   1.7843793e-01   8.0707488e-01   2.8143699e-01   9.1122282e-01
   1.6034062e-01   7.7099044e-02   1.7272052e-01   1.0676697e-01
   9.1422498e-01   3.5349334e-01   8.3468107e-01   2.3781233e-01
   0.0000000e+00   6.1388953e-01   5.3336909e-02   6.5201719e-01
   7.6725104e-01   7.2325282e-01   8.2888295e-01   6.9802547e-01
   2.7960890e-01   1.9388721e-01   1.2913572e-01   2.2204416e-01
   3.0010554e-01   1.3427976e-01   1.2478067e-01   1.2044987e-01
   7.5186620e-01   7.9342329e-01   6.8720777e-01   7.5313660e-01
   3.1663541e-01   1.6799699e-01   2.8249049e-01   2.5415683e-01
   1.5978521e-01   7.3378365e-01   6.3909677e-02   6.7387242e-01
   8.6889554e-01   6.9998181e-01   7.7531380e-01   9.1753696e-01
   6.8981936e-01   6.1353889e-01   6.7552813e-01   7.3618258e-01
   6.9492168e-01   7.8740799e-01   6.5646296e-01   6.8340092e-01
   7.0487698e-01   1.1009586e-01   6.3776984e-01   2.7772728e-01
   8.9273392e-02   7.1130432e-02   2.1220135e-01   0.0000000e+00
   7.8453441e-01   6.1332431e-01   6.2513975e-01   7.6795143e-01
   2.0856239e-01   6.8291159e-01   1.5488889e-01   7.4607110e-01
   7.3226484e-01   6.3251914e-01   6.7539590e-01   5.9498977e-01
   7.5362513e-01   2.2170438e-01   6.9173807e-01   1.6869002e-01
   9.1796433e-01   2.8995757e-01   8.2437052e-01   2.2833799e-01
   2.0504636e-01   7.7947775e-01   1.4211710e-01   7.6053677e-01
   8.3462148e-01   8.2065117e-01   8.0802623e-01   8.1706413e-01
   7.2337516e-01   9.0733081e-02   5.8574278e-01   6.4077410e-02
   9.0795622e-01   8.3501134e-01   8.5233117e-01   8.3069871e-01
   2.8019629e-01   8.2433661e-01   3.5065053e-01   6.8583885e-01
   1.1428733e-01   6.8777768e-01   7.8627429e-02   7.3319696e-01
   7.5535225e-01   8.8872358e-01   7.7902819e-01   7.5029743e-01
   7.5347703e-01   6.3954008e-01   7.0968041e-01   6.3752913e-01
   1.6565017e-01   6.9372497e-01   6.9365039e-02   7.2593458e-01
   2.9944264e-01   2.4735147e-01   3.0643065e-01   2.2847817e-01
   2.0734636e-01   6.6921512e-01   1.2145238e-01   6.6879346e-01
   2.0359729e-01   7.0226592e-01   2.6161626e-01   8.6134198e-01
   4.8716712e-01   1.0000000e+00   4.4349607e-01   1.0000000e+00
   7.7508059e-01   2.4137322e-01   7.0770122e-01   1.8742710e-01
   1.6648421e-01   6.1521331e-01   4.3212252e-02   6.3372285e-01
   8.3035780e-01   8.8720658e-02   7.5087541e-01   1.3976921e-01
   1.9623798e-01   7.1803430e-01   1.5483681e-01   6.5551428e-01
   7.4722725e-01   1.7956678e-01   6.9818386e-01   2.5165290e-01
   7.5016115e-01   6.4213706e-01   8.5166007e-01   7.3128173e-01
   8.0489147e-01   1.2396128e-01   6.4356407e-01   1.2172258e-01
   8.0257035e-01   6.8861406e-01   8.1107324e-01   7.6321631e-01
   6.7211321e-01   1.1917277e-01   7.6624877e-01   1.3849486e-01
   7.9069269e-01   1.6088998e-01   6.7305097e-01   8.0569221e-02
   5.6495839e-01   5.9719143e-01   6.0429030e-01   6.4677371e-01
   2.5233453e-01   7.9139313e-01   1.6945275e-01   7.3788847e-01
