   1.5000000e-01   5.5000000e-01   6.1904762e-01   4.5454545e-01   8.6956522e-01   4.3478261e-01
   2.7500000e-01   7.5000000e-01   5.7142857e-01   6.9090909e-01   8.2608696e-01   3.6956522e-01
   2.7500000e-01   6.5000000e-01   5.2380952e-01   2.7272727e-01   8.6956522e-01   5.2173913e-01
   3.0000000e-01   7.0000000e-01   7.6190476e-01   4.9090909e-01   6.9565217e-01   5.4347826e-01
   2.2500000e-01   6.0000000e-01   6.1904762e-01   8.3636364e-01   6.9565217e-01   4.1304348e-01
   3.0000000e-01   6.0000000e-01   5.7142857e-01   6.1818182e-01   6.5217391e-01   4.5652174e-01
   3.7500000e-01   6.5000000e-01   5.2380952e-01   3.8181818e-01   9.5652174e-01   5.2173913e-01
   2.5000000e-01   5.5000000e-01   6.6666667e-01   4.7272727e-01   8.2608696e-01   4.5652174e-01
   3.0000000e-01   6.0000000e-01   4.2857143e-01   5.0909091e-01   9.1304348e-01   3.4782609e-01
   3.5000000e-01   8.0000000e-01   8.5714286e-01   5.8181818e-01   7.6086957e-01   5.4347826e-01
   3.5000000e-01   7.0000000e-01   6.1904762e-01   1.4545455e-01   8.2608696e-01   3.0434783e-01
   3.2500000e-01   7.5000000e-01   6.1904762e-01   6.1818182e-01   8.2608696e-01   5.0000000e-01
   4.0000000e-01   8.5000000e-01   1.0000000e+00   4.5454545e-01   8.9130435e-01   6.0869565e-01
   2.7500000e-01   7.0000000e-01   4.2857143e-01   7.6363636e-01   7.1739130e-01   4.5652174e-01
   3.2500000e-01   6.5000000e-01   4.7619048e-01   6.1818182e-01   6.7391304e-01   4.1304348e-01
   4.2500000e-01   7.0000000e-01   4.7619048e-01   1.8181818e-01   7.6086957e-01   3.0434783e-01
   2.2500000e-01   8.0000000e-01   5.2380952e-01   8.3636364e-01   6.0869565e-01   4.3478261e-01
   2.2500000e-01   7.0000000e-01   5.2380952e-01   8.9090909e-01   5.8695652e-01   4.5652174e-01
   2.5000000e-01   7.5000000e-01   5.7142857e-01   6.9090909e-01   7.1739130e-01   4.7826087e-01
   1.5000000e-01   6.0000000e-01   4.2857143e-01   5.2727273e-01   9.3478261e-01   3.0434783e-01
   2.5000000e-01   6.5000000e-01   6.6666667e-01   5.2727273e-01   9.5652174e-01   3.9130435e-01
   3.2500000e-01   8.0000000e-01   6.1904762e-01   9.2727273e-01   5.4347826e-01   3.9130435e-01
   3.7500000e-01   9.0000000e-01   1.0000000e+00   8.0000000e-01   6.3043478e-01   5.2173913e-01
   3.2500000e-01   8.5000000e-01   6.6666667e-01   6.0000000e-01   7.6086957e-01   4.1304348e-01
   2.2500000e-01   7.5000000e-01   7.1428571e-01   4.9090909e-01   5.6521739e-01   5.0000000e-01
   2.7500000e-01   5.0000000e-01   6.1904762e-01   5.4545455e-01   8.0434783e-01   3.9130435e-01
   3.0000000e-01   7.0000000e-01   6.6666667e-01   4.0000000e-01   8.4782609e-01   5.2173913e-01
   4.2500000e-01   8.5000000e-01   6.1904762e-01   5.4545455e-01   8.9130435e-01   4.7826087e-01
   3.2500000e-01   6.0000000e-01   5.7142857e-01   5.2727273e-01   7.8260870e-01   5.4347826e-01
   1.7500000e-01   6.0000000e-01   7.6190476e-01   4.7272727e-01   9.5652174e-01   4.5652174e-01
   1.2500000e-01   6.0000000e-01   4.7619048e-01   6.3636364e-01   6.0869565e-01   4.3478261e-01
   1.7500000e-01   6.0000000e-01   3.8095238e-01   9.2727273e-01   7.6086957e-01   3.0434783e-01
   2.7500000e-01   7.5000000e-01   5.7142857e-01   6.1818182e-01   8.2608696e-01   4.5652174e-01
   2.0000000e-01   6.0000000e-01   6.6666667e-01   6.0000000e-01   8.9130435e-01   4.1304348e-01
   1.0000000e-01   5.0000000e-01   5.7142857e-01   6.9090909e-01   7.6086957e-01   3.6956522e-01
   2.5000000e-01   5.5000000e-01   5.2380952e-01   8.5454545e-01   7.3913043e-01   3.6956522e-01
   2.0000000e-01   4.0000000e-01   5.7142857e-01   6.3636364e-01   7.3913043e-01   3.4782609e-01
   2.7500000e-01   8.5000000e-01   6.1904762e-01   3.8181818e-01   7.6086957e-01   1.0869565e-01
   2.0000000e-01   7.0000000e-01   6.6666667e-01   7.4545455e-01   6.7391304e-01   4.3478261e-01
   1.7500000e-01   7.5000000e-01   5.7142857e-01   8.3636364e-01   5.4347826e-01   3.9130435e-01
   2.5000000e-01   6.0000000e-01   6.1904762e-01   5.0909091e-01   9.1304348e-01   3.2608696e-01
   2.2500000e-01   5.0000000e-01   1.9047619e-01   5.4545455e-01   7.1739130e-01   3.0434783e-01
   2.0000000e-01   6.0000000e-01   6.6666667e-01   7.2727273e-01   6.5217391e-01   4.5652174e-01
   3.0000000e-01   7.5000000e-01   6.6666667e-01   6.1818182e-01   7.3913043e-01   4.5652174e-01
   1.7500000e-01   4.0000000e-01   3.8095238e-01   7.6363636e-01   5.0000000e-01   3.2608696e-01
   2.7500000e-01   8.0000000e-01   6.6666667e-01   8.5454545e-01   6.0869565e-01   4.3478261e-01
   3.0000000e-01   7.5000000e-01   6.6666667e-01   7.6363636e-01   6.5217391e-01   4.5652174e-01
   3.7500000e-01   8.0000000e-01   6.1904762e-01   3.8181818e-01   7.8260870e-01   6.5217391e-02
   2.2500000e-01   6.0000000e-01   5.2380952e-01   6.3636364e-01   7.1739130e-01   3.4782609e-01
   2.7500000e-01   4.5000000e-01   4.7619048e-01   4.9090909e-01   1.0000000e+00   3.4782609e-01
   2.7500000e-01   6.5000000e-01   4.2857143e-01   8.5454545e-01   6.3043478e-01   4.3478261e-01
   2.0000000e-01   4.5000000e-01   3.3333333e-01   8.5454545e-01   5.2173913e-01   2.6086957e-01
   2.0000000e-01   3.5000000e-01   1.4285714e-01   5.8181818e-01   7.1739130e-01   3.2608696e-01
   1.7500000e-01   5.5000000e-01   5.2380952e-01   8.9090909e-01   5.6521739e-01   3.4782609e-01
   1.7500000e-01   6.5000000e-01   4.7619048e-01   6.9090909e-01   8.2608696e-01   3.6956522e-01
   3.2500000e-01   5.0000000e-01   6.1904762e-01   8.0000000e-01   6.0869565e-01   4.1304348e-01
   1.0000000e-01   3.5000000e-01   2.8571429e-01   5.6363636e-01   8.0434783e-01   3.6956522e-01
   1.5000000e-01   5.5000000e-01   4.7619048e-01   7.4545455e-01   6.5217391e-01   3.0434783e-01
   1.0000000e+00   7.0000000e-01   7.6190476e-01   9.6363636e-01   5.0000000e-01   3.2608696e-01
   2.0000000e-01   8.0000000e-01   5.2380952e-01   1.6363636e-01   9.5652174e-01   2.1739130e-02
   4.5000000e-01   5.5000000e-01   3.3333333e-01   3.6363636e-02   9.7826087e-01   1.3043478e-01
   2.7500000e-01   7.5000000e-01   5.2380952e-01   4.9090909e-01   5.4347826e-01   6.5217391e-02
   2.0000000e-01   5.5000000e-01   4.7619048e-01   7.8181818e-01   6.3043478e-01   3.6956522e-01
   2.2500000e-01   5.5000000e-01   5.7142857e-01   8.0000000e-01   6.9565217e-01   2.8260870e-01
   1.2500000e-01   6.5000000e-01   4.7619048e-01   7.6363636e-01   6.0869565e-01   4.3478261e-01
   3.2500000e-01   6.5000000e-01   7.6190476e-01   5.6363636e-01   9.3478261e-01   4.1304348e-01
   6.2500000e-01   8.5000000e-01   6.6666667e-01   5.0909091e-01   5.2173913e-01   2.1739130e-01
   4.5000000e-01   7.0000000e-01   5.2380952e-01   4.3636364e-01   7.6086957e-01   1.7391304e-01
   2.5000000e-01   4.5000000e-01   3.8095238e-01   4.3636364e-01   9.3478261e-01   3.9130435e-01
   2.7500000e-01   5.0000000e-01   4.2857143e-01   7.6363636e-01   6.9565217e-01   4.1304348e-01
   2.5000000e-02   8.5000000e-01   7.1428571e-01   2.7272727e-01   8.2608696e-01   0.0000000e+00
   1.0000000e-01   8.0000000e-01   6.6666667e-01   8.7272727e-01   5.4347826e-01   3.9130435e-01
   2.5000000e-01   7.5000000e-01   6.1904762e-01   8.3636364e-01   6.0869565e-01   3.4782609e-01
   2.5000000e-01   3.0000000e-01   4.7619048e-01   5.8181818e-01   8.4782609e-01   3.0434783e-01
   2.5000000e-01   5.5000000e-01   4.7619048e-01   7.6363636e-01   6.0869565e-01   3.9130435e-01
   2.7500000e-01   7.0000000e-01   5.7142857e-01   8.5454545e-01   6.5217391e-01   2.6086957e-01
   1.2500000e-01   5.5000000e-01   5.2380952e-01   8.0000000e-01   6.0869565e-01   4.1304348e-01
   1.7500000e-01   7.0000000e-01   4.7619048e-01   4.9090909e-01   9.3478261e-01   3.9130435e-01
   2.5000000e-01   7.5000000e-01   6.1904762e-01   5.4545455e-01   9.5652174e-01   2.8260870e-01
   1.7500000e-01   6.0000000e-01   6.6666667e-01   1.8181818e-01   8.9130435e-01   0.0000000e+00
   3.0000000e-01   7.0000000e-01   5.2380952e-01   7.6363636e-01   6.5217391e-01   2.8260870e-01
   2.5000000e-01   8.0000000e-01   7.6190476e-01   1.4545455e-01   8.0434783e-01   1.9565217e-01
   3.0000000e-01   7.5000000e-01   5.2380952e-01   6.9090909e-01   8.0434783e-01   3.2608696e-01
   2.0000000e-01   7.5000000e-01   6.6666667e-01   5.2727273e-01   8.0434783e-01   3.2608696e-01
   2.2500000e-01   6.0000000e-01   5.2380952e-01   6.3636364e-01   7.3913043e-01   3.6956522e-01
   2.2500000e-01   7.0000000e-01   4.7619048e-01   7.8181818e-01   6.5217391e-01   3.4782609e-01
   1.7500000e-01   7.0000000e-01   4.7619048e-01   1.4545455e-01   9.7826087e-01   1.5217391e-01
   2.5000000e-01   5.0000000e-01   3.3333333e-01   7.6363636e-01   6.3043478e-01   3.0434783e-01
   2.5000000e-01   4.5000000e-01   5.7142857e-01   4.3636364e-01   9.1304348e-01   3.4782609e-01
   2.0000000e-01   6.5000000e-01   5.7142857e-01   1.0000000e+00   3.0434783e-01   3.0434783e-01
   3.2500000e-01   6.0000000e-01   3.8095238e-01   5.4545455e-01   9.3478261e-01   3.4782609e-01
   4.0000000e-01   7.5000000e-01   7.6190476e-01   2.9090909e-01   7.1739130e-01   1.7391304e-01
   2.2500000e-01   6.5000000e-01   5.7142857e-01   6.5454545e-01   7.3913043e-01   3.0434783e-01
   3.0000000e-01   7.5000000e-01   6.1904762e-01   4.3636364e-01   7.1739130e-01   1.5217391e-01
   2.7500000e-01   6.5000000e-01   7.1428571e-01   8.0000000e-01   6.3043478e-01   4.3478261e-01
   3.0000000e-01   7.0000000e-01   6.1904762e-01   4.9090909e-01   9.5652174e-01   3.9130435e-01
   3.2500000e-01   6.5000000e-01   4.2857143e-01   5.6363636e-01   8.2608696e-01   4.1304348e-01
   2.5000000e-01   6.5000000e-01   6.6666667e-01   6.1818182e-01   7.3913043e-01   4.7826087e-01
   2.2500000e-01   8.5000000e-01   8.5714286e-01   7.2727273e-01   7.6086957e-01   3.4782609e-01
   1.2500000e-01   4.5000000e-01   4.2857143e-01   5.4545455e-01   8.2608696e-01   3.9130435e-01
   2.5000000e-01   1.0000000e+00   1.0000000e+00   3.2727273e-01   4.3478261e-01   6.9565217e-01
   2.0000000e-01   3.5000000e-01   3.3333333e-01   1.6363636e-01   3.9130435e-01   8.4782609e-01
   2.5000000e-01   3.5000000e-01   3.3333333e-01   2.7272727e-01   4.1304348e-01   9.5652174e-01
   2.5000000e-01   3.5000000e-01   2.8571429e-01   5.4545455e-02   5.8695652e-01   9.1304348e-01
   3.0000000e-01   3.0000000e-01   3.3333333e-01   5.8181818e-01   0.0000000e+00   8.6956522e-01
   4.7500000e-01   9.0000000e-01   7.1428571e-01   3.2727273e-01   5.2173913e-01   7.8260870e-01
   4.2500000e-01   2.5000000e-01   3.3333333e-01   1.2727273e-01   4.1304348e-01   8.2608696e-01
   1.7500000e-01   3.0000000e-01   9.5238095e-02   0.0000000e+00   6.5217391e-01   8.4782609e-01
   2.7500000e-01   2.0000000e-01   3.3333333e-01   1.8181818e-01   7.1739130e-01   8.9130435e-01
   3.5000000e-01   7.0000000e-01   6.1904762e-01   3.6363636e-01   5.0000000e-01   6.3043478e-01
   3.7500000e-01   7.0000000e-01   6.1904762e-01   1.2727273e-01   8.6956522e-01   8.6956522e-01
   3.2500000e-01   2.5000000e-01   2.8571429e-01   9.0909091e-02   6.0869565e-01   9.5652174e-01
   3.5000000e-01   9.0000000e-01   2.8571429e-01   1.2727273e-01   6.7391304e-01   7.8260870e-01
   2.2500000e-01   3.5000000e-01   3.3333333e-01   9.0909091e-02   6.9565217e-01   8.4782609e-01
   3.2500000e-01   4.5000000e-01   3.3333333e-01   9.0909091e-02   6.7391304e-01   8.6956522e-01
   1.7500000e-01   4.0000000e-01   3.8095238e-01   3.8181818e-01   1.7391304e-01   8.2608696e-01
   2.0000000e-01   4.5000000e-01   5.2380952e-01   1.8181818e-01   4.5652174e-01   8.4782609e-01
   3.0000000e-01   4.5000000e-01   3.3333333e-01   3.2727273e-01   2.8260870e-01   8.9130435e-01
   3.5000000e-01   3.0000000e-01   2.8571429e-01   3.6363636e-02   8.2608696e-01   8.0434783e-01
   2.2500000e-01   6.0000000e-01   4.2857143e-01   2.5454545e-01   5.0000000e-01   8.9130435e-01
   3.0000000e-01   4.5000000e-01   1.4285714e-01   2.1818182e-01   5.0000000e-01   7.8260870e-01
   4.5000000e-01   7.5000000e-01   4.7619048e-01   1.6363636e-01   5.6521739e-01   8.2608696e-01
   3.7500000e-01   8.0000000e-01   4.7619048e-01   2.1818182e-01   6.7391304e-01   8.0434783e-01
   4.7500000e-01   6.0000000e-01   4.7619048e-01   2.7272727e-01   5.0000000e-01   8.2608696e-01
   3.2500000e-01   3.5000000e-01   4.2857143e-01   3.6363636e-02   6.7391304e-01   7.1739130e-01
   3.7500000e-01   7.0000000e-01   6.6666667e-01   1.4545455e-01   7.1739130e-01   9.7826087e-01
   4.2500000e-01   6.0000000e-01   5.2380952e-01   3.0909091e-01   4.5652174e-01   1.0000000e+00
   3.2500000e-01   6.5000000e-01   6.1904762e-01   4.7272727e-01   3.9130435e-01   8.9130435e-01
   3.2500000e-01   5.0000000e-01   4.7619048e-01   3.6363636e-02   6.0869565e-01   8.6956522e-01
   2.5000000e-01   3.5000000e-01   1.4285714e-01   2.0000000e-01   2.8260870e-01   9.1304348e-01
   3.5000000e-01   5.5000000e-01   3.8095238e-01   1.2727273e-01   6.5217391e-01   8.6956522e-01
   2.5000000e-01   3.5000000e-01   3.3333333e-01   2.5454545e-01   3.0434783e-01   9.7826087e-01
   3.0000000e-01   5.0000000e-01   2.8571429e-01   9.0909091e-02   6.0869565e-01   6.3043478e-01
   4.5000000e-01   7.0000000e-01   5.2380952e-01   2.1818182e-01   5.6521739e-01   6.9565217e-01
   5.2500000e-01   7.0000000e-01   4.7619048e-01   3.0909091e-01   6.3043478e-01   7.8260870e-01
   2.0000000e-01   6.0000000e-01   5.7142857e-01   4.0000000e-01   4.3478261e-01   8.6956522e-01
   4.2500000e-01   6.5000000e-01   4.7619048e-01   2.1818182e-01   4.3478261e-01   8.6956522e-01
   3.7500000e-01   4.5000000e-01   1.9047619e-01   1.2727273e-01   5.0000000e-01   9.1304348e-01
   3.7500000e-01   6.5000000e-01   5.2380952e-01   2.3636364e-01   3.4782609e-01   9.3478261e-01
   2.5000000e-02   6.5000000e-01   0.0000000e+00   1.6363636e-01   4.3478261e-01   7.6086957e-01
   1.5000000e-01   4.0000000e-01   9.5238095e-02   3.0909091e-01   3.6956522e-01   9.7826087e-01
   2.5000000e-01   5.5000000e-01   2.8571429e-01   2.9090909e-01   4.7826087e-01   6.7391304e-01
   2.7500000e-01   3.0000000e-01   1.9047619e-01   3.8181818e-01   2.8260870e-01   8.4782609e-01
   2.7500000e-01   7.0000000e-01   3.3333333e-01   3.2727273e-01   4.5652174e-01   6.7391304e-01
   2.5000000e-01   2.0000000e-01   4.7619048e-02   1.8181818e-01   5.4347826e-01   6.9565217e-01
   1.2500000e-01   2.5000000e-01   1.9047619e-01   2.0000000e-01   5.4347826e-01   8.6956522e-01
   2.5000000e-01   4.5000000e-01   3.3333333e-01   2.0000000e-01   5.4347826e-01   8.0434783e-01
   2.5000000e-01   4.5000000e-01   3.3333333e-01   1.8181818e-02   6.9565217e-01   9.1304348e-01
   2.0000000e-01   3.5000000e-01   3.8095238e-01   1.2727273e-01   5.6521739e-01   7.1739130e-01
   1.7500000e-01   0.0000000e+00   2.8571429e-01   1.0909091e-01   4.5652174e-01   9.1304348e-01
   2.0000000e-01   4.0000000e-01   1.9047619e-01   0.0000000e+00   5.0000000e-01   7.6086957e-01
   3.7500000e-01   8.0000000e-01   4.7619048e-01   4.1818182e-01   4.3478261e-01   7.1739130e-01
   1.7500000e-01   5.5000000e-01   4.7619048e-01   1.0909091e-01   6.9565217e-01   6.7391304e-01
   4.0000000e-01   6.0000000e-01   5.7142857e-01   7.2727273e-02   6.9565217e-01   8.2608696e-01
   1.7500000e-01   2.0000000e-01   2.3809524e-01   1.2727273e-01   5.0000000e-01   7.8260870e-01
   3.5000000e-01   3.5000000e-01   1.9047619e-01   3.6363636e-01   3.6956522e-01   9.1304348e-01
   4.7500000e-01   5.0000000e-01   1.9047619e-01   3.6363636e-01   5.8695652e-01   7.3913043e-01
   3.0000000e-01   3.0000000e-01   1.9047619e-01   2.9090909e-01   2.8260870e-01   7.1739130e-01
   3.2500000e-01   5.5000000e-01   4.2857143e-01   1.2727273e-01   7.1739130e-01   7.6086957e-01
   3.2500000e-01   5.0000000e-01   3.8095238e-01   1.8181818e-01   5.6521739e-01   7.8260870e-01
   3.2500000e-01   3.0000000e-01   1.4285714e-01   2.0000000e-01   4.7826087e-01   8.2608696e-01
   3.7500000e-01   3.5000000e-01   1.9047619e-01   5.4545455e-02   6.0869565e-01   8.0434783e-01
   4.0000000e-01   4.0000000e-01   1.9047619e-01   1.4545455e-01   6.3043478e-01   8.0434783e-01
   1.7500000e-01   5.0000000e-01   2.3809524e-01   1.4545455e-01   6.7391304e-01   7.8260870e-01
   3.0000000e-01   5.0000000e-01   3.8095238e-01   2.5454545e-01   6.3043478e-01   8.0434783e-01
   3.5000000e-01   8.0000000e-01   4.7619048e-01   2.9090909e-01   6.3043478e-01   6.5217391e-01
   2.0000000e-01   2.5000000e-01   9.5238095e-02   9.0909091e-02   5.6521739e-01   7.6086957e-01
   2.5000000e-01   3.5000000e-01   1.4285714e-01   3.4545455e-01   3.9130435e-01   8.0434783e-01
   3.2500000e-01   3.0000000e-01   3.8095238e-01   2.5454545e-01   4.5652174e-01   8.6956522e-01
   2.7500000e-01   6.0000000e-01   5.7142857e-01   1.4545455e-01   7.6086957e-01   3.9130435e-01
   0.0000000e+00   4.0000000e-01   2.3809524e-01   2.1818182e-01   7.3913043e-01   6.7391304e-01
   3.5000000e-01   4.5000000e-01   2.3809524e-01   1.8181818e-01   5.6521739e-01   7.8260870e-01
   3.0000000e-01   3.0000000e-01   5.7142857e-01   2.7272727e-01   5.0000000e-01   7.3913043e-01
   1.5000000e-01   4.5000000e-01   2.8571429e-01   5.4545455e-02   6.0869565e-01   8.6956522e-01
   3.5000000e-01   4.5000000e-01   3.3333333e-01   0.0000000e+00   6.3043478e-01   9.3478261e-01
   7.5000000e-02   3.0000000e-01   1.4285714e-01   7.2727273e-02   6.5217391e-01   8.4782609e-01
   2.7500000e-01   4.5000000e-01   5.2380952e-01   2.9090909e-01   5.0000000e-01   7.3913043e-01
   2.0000000e-01   4.0000000e-01   1.9047619e-01   3.6363636e-02   6.3043478e-01   6.9565217e-01
   3.5000000e-01   7.5000000e-01   3.8095238e-01   1.2727273e-01   6.9565217e-01   6.7391304e-01
   2.0000000e-01   4.5000000e-01   1.9047619e-01   1.2727273e-01   5.0000000e-01   8.6956522e-01
   3.2500000e-01   3.5000000e-01   3.3333333e-01   2.5454545e-01   5.6521739e-01   6.0869565e-01
   2.7500000e-01   4.0000000e-01   2.8571429e-01   5.4545455e-02   5.6521739e-01   6.9565217e-01
   3.5000000e-01   3.5000000e-01   4.7619048e-02   3.2727273e-01   4.3478261e-01   8.9130435e-01
   3.5000000e-01   5.5000000e-01   4.2857143e-01   1.2727273e-01   6.7391304e-01   7.6086957e-01
   4.0000000e-01   8.5000000e-01   5.7142857e-01   3.2727273e-01   7.3913043e-01   7.3913043e-01
   3.2500000e-01   4.5000000e-01   2.8571429e-01   3.0909091e-01   5.4347826e-01   8.0434783e-01
   3.5000000e-01   4.5000000e-01   3.3333333e-01   2.7272727e-01   3.9130435e-01   8.2608696e-01
   3.0000000e-01   3.0000000e-01   9.5238095e-02   2.1818182e-01   5.4347826e-01   9.3478261e-01
   2.7500000e-01   6.5000000e-01   4.2857143e-01   3.6363636e-02   7.6086957e-01   8.0434783e-01
   3.0000000e-01   4.5000000e-01   3.3333333e-01   1.4545455e-01   6.0869565e-01   9.1304348e-01
   2.2500000e-01   3.5000000e-01   1.4285714e-01   2.5454545e-01   4.1304348e-01   8.2608696e-01
   4.0000000e-01   5.0000000e-01   4.2857143e-01   2.3636364e-01   4.3478261e-01   7.8260870e-01
   2.7500000e-01   2.0000000e-01   2.3809524e-01   1.8181818e-01   4.7826087e-01   8.0434783e-01
   1.7500000e-01   2.5000000e-01   1.4285714e-01   3.6363636e-02   6.5217391e-01   8.0434783e-01
   2.2500000e-01   3.0000000e-01   2.3809524e-01   2.0000000e-01   5.0000000e-01   9.1304348e-01
   4.5000000e-01   4.5000000e-01   4.2857143e-01   3.2727273e-01   3.9130435e-01   8.4782609e-01
   3.0000000e-01   7.0000000e-01   6.1904762e-01   3.4545455e-01   5.4347826e-01   7.1739130e-01
   1.5000000e-01   3.5000000e-01   2.3809524e-01   1.4545455e-01   5.6521739e-01   7.3913043e-01
   3.2500000e-01   5.0000000e-01   3.8095238e-01   3.4545455e-01   5.4347826e-01   8.0434783e-01
   2.2500000e-01   5.0000000e-01   1.9047619e-01   1.0909091e-01   5.0000000e-01   7.3913043e-01
