   5.0368827e-01   7.3535056e-01   1.4506922e-01   3.5488285e-01   2.1274935e-01   1.7626579e-01   1.8630818e-01   6.9090312e-01   2.2038264e-01   1.3333752e-01
   3.4053073e-01   0.0000000e+00   5.2358263e-01   2.7472997e-01   2.3160879e-01   2.5282522e-01   4.9947126e-01   7.6688130e-01   0.0000000e+00   2.5254310e-01
   2.5640875e-01   7.2214126e-01   6.7783723e-01   9.7290954e-01   5.8429472e-01   7.5041631e-01   4.3062945e-01   2.0434338e-01   5.4994665e-01   5.8300901e-01
   5.4467276e-01   4.0767968e-01   5.4716981e-01   8.2842712e-01   5.1425611e-01   5.1063586e-01   6.6504849e-01   1.9171543e-01   6.2035944e-01   3.1513990e-01
   3.3672794e-01   9.4966789e-01   5.0712552e-01   1.3526674e-01   1.6202396e-01   1.8539919e-01   2.8105193e-01   6.5371099e-01   3.3017941e-01   2.2728879e-01
   5.4623940e-01   9.6163455e-01   2.6386933e-01   8.6655442e-01   5.4202142e-01   4.0864292e-01   4.1971288e-01   2.2428983e-01   5.6526794e-01   1.6825832e-01
   7.3616289e-01   5.1477321e-01   5.0989809e-01   9.3797990e-01   9.1089324e-01   9.4879594e-01   2.0572824e-01   9.8530020e-01   6.5314808e-01   4.4140725e-01
   5.8445216e-01   6.7808117e-01   8.7851569e-01   2.4829210e-01   3.7904689e-02   1.6892324e-01   5.7354942e-01   6.0452630e-01   1.1644771e-01   1.7390144e-01
   5.4832833e-02   5.6410001e-01   9.8535624e-01   8.7703386e-01   5.2976466e-01   6.0939436e-01   4.3177857e-01   1.8224445e-01   4.8931340e-01   3.0710382e-01
   8.0972185e-01   4.1003689e-01   5.5723372e-01   2.2199413e-01   1.0888307e-01   2.0653138e-01   0.0000000e+00   6.9773432e-01   1.2501501e-01   3.3249328e-01
   5.9741671e-01   9.4785660e-01   5.5336525e-01   7.7513807e-01   4.4846986e-01   6.6524251e-01   3.2893297e-01   1.8210095e-01   7.4847163e-01   3.6558858e-01
   2.4961992e-01   4.3969317e-01   3.8552520e-01   9.5038991e-01   6.2006443e-01   6.3807314e-01   6.5413191e-01   1.6574200e-01   6.2524922e-01   9.0043392e-01
   5.2640421e-01   6.1515816e-01   8.4448782e-01   6.4742090e-01   9.7582112e-01   8.6618099e-01   1.4009443e-01   8.0514954e-01   6.0606744e-01   4.8587234e-01
   5.0296393e-01   4.2952029e-01   5.6853263e-01   1.5177292e-01   5.3326693e-02   3.3354838e-02   4.2920827e-01   6.5538084e-01   1.4598236e-01   1.9352914e-01
   5.9140754e-01   6.2639918e-01   8.0527808e-01   8.1262589e-01   8.3700394e-01   7.7216348e-01   6.0414602e-01   8.4127349e-01   9.3379285e-01   5.0914704e-01
   6.2266108e-01   4.8236162e-01   6.1937770e-01   3.4495117e-01   1.3480319e-01   2.7843457e-01   4.2507516e-01   5.8426040e-01   2.0584077e-01   3.3602627e-01
   5.1871832e-01   7.6752768e-01   7.9672143e-01   2.3556277e-01   1.4167807e-01   5.2964799e-02   5.6814458e-01   6.8855014e-01   2.8768107e-01   3.1639857e-01
   3.7412199e-01   6.2332103e-01   4.9545817e-01   8.2460960e-02   1.0911534e-01   4.1548048e-02   6.2902856e-01   7.7815280e-01   2.0567167e-01   2.3860743e-01
   3.7783423e-01   4.8944649e-01   4.8772087e-01   2.9683146e-01   2.8716517e-01   1.1152605e-01   7.1757265e-01   7.8767853e-01   3.2578302e-01   0.0000000e+00
   5.1602552e-01   7.2730697e-01   4.9055462e-01   8.0909479e-01   8.5019242e-01   8.5348756e-01   6.0722261e-01   8.8850050e-01   7.0942416e-01   6.8631265e-01
   5.9532784e-01   5.3127606e-01   3.7088144e-01   8.7591902e-01   5.9555093e-01   4.7462568e-01   7.6789410e-01   1.8841493e-01   7.8628591e-01   5.6381173e-01
   8.8856570e-01   6.0130295e-01   4.8741784e-01   5.9470664e-01   7.8830803e-01   9.7181626e-01   1.9393467e-01   9.0632791e-01   8.5140173e-01   5.4249586e-01
   4.7991780e-01   8.0480900e-01   6.1700929e-01   8.8996593e-01   5.2926439e-01   7.2885333e-01   7.5008284e-01   6.6009802e-02   3.6609099e-01   3.7764269e-01
   8.7327080e-01   4.9150691e-01   3.7240261e-01   8.2574140e-01   8.4579626e-01   8.0916808e-01   1.0000000e+00   8.8943878e-01   4.1443452e-01   8.8848988e-01
   4.2183787e-01   1.8391144e-01   5.5281241e-01   2.3234546e-01   1.1705860e-02   1.4223937e-01   1.6468880e-01   7.8654001e-01   2.8305923e-01   6.7911855e-02
   2.2979230e-01   5.9032334e-01   6.3484644e-01   8.4037024e-01   8.7792204e-01   8.4746356e-01   1.2522425e-01   7.9905069e-01   9.2570086e-01   4.4870230e-01
   5.9477400e-01   2.6804428e-01   7.2892798e-01   0.0000000e+00   9.5969463e-02   1.7510172e-01   7.0167604e-01   6.8278157e-01   2.0065529e-01   2.9284532e-01
   4.2310547e-01   7.1557195e-01   6.9847006e-01   1.3037084e-01   2.1154161e-01   4.2935961e-02   5.1218854e-01   6.2661388e-01   1.6683698e-01   2.8080700e-01
   1.5823188e-01   4.9683117e-01   1.0000000e+00   7.5261844e-01   5.1925888e-01   5.1322342e-01   7.9145091e-01   8.3229750e-02   4.2607227e-01   8.7409346e-01
   1.8217194e-01   7.0952029e-01   7.8726474e-01   3.1354747e-01   5.6717676e-02   3.2235545e-03   9.2534124e-01   6.9526750e-01   1.7816612e-01   3.7835668e-01
   4.5484589e-01   5.8091226e-01   5.8256679e-01   7.9698816e-01   7.0139934e-01   8.6381443e-01   3.6930002e-01   9.6606537e-01   8.8009149e-01   4.8066159e-01
   2.0418701e-01   5.2600801e-01   9.1439031e-01   9.3634301e-01   7.2537247e-01   7.1160294e-01   4.0994543e-01   1.3259361e-01   3.5044370e-01   7.4194470e-01
   6.0779494e-01   5.9973443e-01   5.3656070e-01   6.5372644e-01   9.0024100e-01   9.1372762e-01   5.2107823e-01   8.7223690e-01   7.3590702e-01   4.5009183e-01
   3.6832726e-01   1.0376383e-01   7.7056200e-01   2.1227226e-01   1.9532991e-01   2.1060559e-01   1.9155406e-01   7.3686195e-01   9.3845803e-02   1.6742430e-01
   2.2194240e-01   9.0125469e-01   4.4466347e-01   8.6276399e-01   4.8173820e-01   7.0599656e-01   6.1563663e-01   1.9142842e-01   4.6845035e-01   3.9282193e-01
   4.1986279e-01   7.4523960e-01   6.8628556e-01   8.2240702e-01   7.6764577e-01   6.7818030e-01   8.6901603e-01   7.5911272e-02   3.2208299e-01   2.9951419e-01
   8.0662871e-01   6.8234288e-01   6.8503490e-01   8.8072565e-01   9.0497533e-01   9.6450139e-01   3.0571726e-01   9.9421390e-01   4.1958397e-01   6.3767895e-01
   1.3898317e-01   5.9188192e-01   3.5090584e-01   5.0959332e-01   2.4489402e-01   8.9767054e-02   9.8940455e-01   7.5420563e-01   7.5414830e-02   1.5976950e-01
   8.4213474e-01   5.9790450e-01   6.2595890e-01   7.6192940e-01   8.6253548e-01   8.7779873e-01   4.3852319e-01   9.1180124e-01   6.4505610e-01   5.0879966e-01
   3.1065171e-01   1.9867158e-01   4.0101404e-01   2.4493491e-01   2.1107709e-01   1.0087041e-01   3.4718180e-01   6.7921416e-01   2.0572803e-01   2.7125485e-01
   3.0236388e-01   5.0493584e-01   6.4629681e-01   7.1070070e-01   5.2626274e-01   7.0039018e-01   5.2715494e-01   3.7883886e-02   5.7341758e-01   2.0799224e-01
   5.6779234e-01   5.7298893e-01   2.4086431e-01   3.5740075e-01   7.2464845e-02   1.4134394e-01   2.7723675e-01   7.9792535e-01   8.2629399e-02   3.5238269e-01
   3.2011927e-01   3.5824114e-01   2.3063925e-01   8.8862813e-01   5.1075419e-01   6.4130759e-01   8.7073970e-01   1.1508665e-01   7.1228727e-01   7.3748022e-01
   4.1387013e-01   7.4952029e-01   2.1974026e-01   2.6311968e-01   1.3991290e-01   1.7196771e-01   2.4226422e-01   6.2410910e-01   9.5931263e-02   1.6055460e-01
   4.5298449e-01   6.1018450e-01   7.8370313e-01   2.5304813e-01   8.2684246e-02   1.0678026e-01   3.6180667e-01   6.4779061e-01   2.8441196e-01   4.6452229e-02
   7.5042641e-01   3.6148301e-01   2.8921431e-01   7.7268544e-01   5.9279941e-01   6.7753341e-01   2.8699034e-01   8.4090747e-02   6.0014836e-01   4.6961109e-01
   2.7280496e-01   8.8501845e-01   3.2953617e-01   9.3721529e-02   1.2774252e-01   2.4154277e-01   2.9154370e-01   7.3029641e-01   2.3064085e-01   1.3660881e-01
   2.3634726e-01   8.6115355e-01   2.2288282e-01   9.3823212e-01   7.6362191e-01   9.6364082e-01   3.4468734e-01   9.6856746e-01   8.9774673e-01   5.0845228e-01
   1.7571389e-01   6.4914264e-01   6.9496803e-01   9.8892861e-01   8.8755977e-01   8.8210158e-01   7.9745814e-01   8.6864013e-01   3.9641147e-01   6.8804957e-01
   4.2142945e-01   8.5019521e-01   4.6381301e-01   6.0100108e-01   7.4938570e-01   6.4950152e-01   3.1801639e-01   9.1265724e-02   7.1554713e-01   5.8479481e-01
   5.2169519e-01   5.1304053e-01   4.9985919e-01   7.5796964e-01   8.2942982e-01   4.9769807e-01   2.8124478e-01   1.5555353e-01   7.7813628e-01   5.5622210e-01
   5.5355045e-01   4.3401990e-01   5.4210081e-01   6.5116859e-01   7.0361048e-01   6.2297905e-01   4.2775667e-01   1.1264716e-01   5.7243962e-01   1.8522337e-01
   6.1882763e-01   8.7856158e-01   3.4638130e-02   8.4314292e-01   7.7189811e-01   7.0772160e-01   5.8346147e-01   2.3849628e-01   6.4317841e-01   3.2496176e-01
   2.4962607e-01   2.4265682e-01   1.7233398e-01   2.9067661e-01   1.8720085e-01   6.9619833e-02   5.7641081e-01   7.9830486e-01   1.8735343e-01   2.5385162e-01
   8.1465915e-02   5.6693664e-01   5.9138268e-03   8.8127023e-01   7.6564467e-01   5.4190220e-01   2.4849506e-01   1.1379516e-01   4.5508495e-01   8.7453991e-01
   2.6163092e-01   5.8517217e-01   4.3790481e-01   9.6354495e-01   7.3887992e-01   6.9305877e-01   7.3284614e-01   1.0360669e-01   3.1067351e-01   1.0173750e-01
   7.8384833e-01   7.5050765e-01   1.8107575e-01   9.5819374e-01   6.4082587e-01   4.9812933e-01   5.4439163e-01   1.4349953e-03   5.7928532e-01   6.1247462e-01
   8.6792532e-01   3.2298579e-01   5.8377921e-01   6.8639732e-01   8.0416589e-01   6.8637424e-01   5.9897450e-01   1.4206457e-02   4.4791328e-01   2.8612074e-01
   1.1802113e-01   7.4929194e-01   6.3362429e-02   6.5161452e-01   7.9315983e-01   6.6826132e-01   3.6225724e-01   1.2484462e-02   6.6045563e-01   8.1650161e-01
   4.6959455e-01   8.6821187e-01   4.6389200e-01   5.9697663e-01   9.3118319e-01   9.4019023e-01   4.2314027e-01   8.4893616e-01   8.9737891e-01   7.6100012e-01
   2.6610481e-01   9.1483395e-01   4.3589328e-01   2.6983406e-01   9.6805596e-02   8.1708168e-02   8.4760685e-01   7.3219396e-01   1.4462963e-01   2.9664001e-01
   4.4501346e-01   5.6261292e-01   6.6516864e-01   7.0871069e-01   7.2405647e-01   8.1949495e-01   8.2771122e-01   7.7184043e-01   5.3802120e-01   8.0511783e-01
   5.3514414e-01   5.5241757e-01   6.5209873e-01   7.1602511e-01   8.8654527e-01   9.1781534e-01   3.2879165e-01   9.3776044e-01   8.3558557e-01   4.1361656e-01
   5.8390890e-01   2.4560886e-01   4.7642197e-01   3.1949249e-01   2.1377129e-01   1.0955611e-01   7.6399072e-01   6.3572215e-01   3.1022660e-01   3.7816040e-01
   2.3470852e-01   6.6273644e-01   5.3812910e-01   8.0026705e-01   9.5316400e-01   9.8623084e-01   2.0470272e-01   8.1046648e-01   9.0694216e-01   7.1722978e-01
   5.1708856e-01   1.8804428e-01   5.1400311e-01   2.9585229e-01   8.9559116e-02   9.0483406e-02   6.1551645e-01   7.7910158e-01   2.2782266e-01   1.2103750e-01
   4.7471468e-01   5.7476014e-01   7.1885722e-01   7.2878979e-02   1.0869726e-01   1.1609276e-01   5.6273973e-01   7.6134044e-01   3.0335022e-01   4.4738077e-01
   2.0193372e-01   7.1188324e-01   3.5201355e-01   7.3468950e-01   7.8746261e-01   8.5112098e-01   5.4312709e-01   9.5621338e-01   5.4353846e-01   5.0463105e-01
   7.5910526e-01   6.7946726e-01   3.7083423e-01   7.1955621e-01   8.9905741e-01   1.0000000e+00   4.3442108e-01   9.0054181e-01   6.0091800e-01   9.1732271e-01
   6.2936123e-01   5.4819188e-01   4.4031458e-01   2.5836367e-01   0.0000000e+00   1.0946656e-01   7.0326570e-01   6.6706980e-01   2.7426648e-01   2.4207500e-02
   8.2957106e-01   7.8011362e-01   6.3170966e-01   8.2170586e-01   9.9458934e-01   7.7818748e-01   7.2926049e-01   9.0194924e-01   5.1448088e-01   5.6055981e-01
   4.5976212e-01   6.7214753e-01   7.5770361e-01   8.3759580e-01   7.7799396e-01   7.2891971e-01   4.1596157e-01   9.7748116e-01   8.5250517e-01   7.5196815e-01
   5.7447391e-01   6.5071115e-01   4.9735096e-01   7.7454047e-01   9.8528977e-01   7.8872949e-01   3.9032335e-01   9.1899475e-01   9.6799987e-01   7.3876757e-01
   6.7498328e-01   7.5318746e-01   2.5059104e-01   9.0973110e-01   7.5668949e-01   8.6273872e-01   4.6005929e-01   9.7779392e-01   5.5310172e-01   8.5826751e-01
   7.8969506e-01   5.2261579e-01   2.4118070e-01   7.7000048e-01   9.7615929e-01   7.0568426e-01   2.2521329e-01   9.5683890e-01   4.4496338e-01   5.8661357e-01
   4.6895123e-01   8.4006435e-01   9.1044776e-01   8.7279750e-01   6.2506719e-01   7.0276211e-01   3.0709981e-01   1.7320398e-01   5.0398273e-01   4.3077006e-01
   4.4809519e-01   8.0708487e-01   2.7255037e-01   5.1113203e-01   2.2213262e-01   2.4655720e-01   3.2460862e-01   6.2160433e-01   2.1170260e-01   3.6795400e-01
   3.2429296e-01   6.5332536e-01   3.6874304e-01   8.2347141e-01   7.6040932e-01   7.7539062e-01   8.5488773e-01   8.2110037e-01   9.0841344e-01   5.3797987e-01
   3.1979650e-01   1.0000000e+00   4.9054560e-01   2.1171273e-01   1.6894529e-01   9.5632131e-02   7.2440818e-01   6.5215500e-01   5.0727538e-04   3.0193949e-01
   3.7629501e-01   5.2531366e-01   3.6624277e-02   3.2921435e-01   2.8474968e-02   1.3359845e-01   9.1008049e-01   6.8433757e-01   8.9787602e-02   1.4177744e-01
   2.5601214e-01   7.5344887e-01   3.4208041e-01   7.3948170e-01   8.2652079e-01   8.0271379e-01   6.2568213e-01   9.8670763e-01   6.4910209e-01   8.7667884e-01
   2.7561177e-01   2.5490775e-01   3.9327675e-01   1.4065223e-01   1.4776326e-01   7.3067254e-02   3.5433528e-01   6.2027603e-01   1.5156238e-01   2.3442019e-01
   3.6117441e-01   4.9535055e-01   8.3061815e-01   1.9331814e-01   1.6564720e-01   2.4369182e-01   9.0610638e-02   8.0376982e-01   1.8645160e-01   1.2090665e-01
   1.9783578e-01   8.0177122e-01   3.6343289e-01   3.4690953e-01   2.5204759e-01   2.7682279e-01   2.5911462e-01   8.1758404e-01   1.5195693e-01   3.2006240e-01
   7.7079289e-01   3.9511743e-01   9.5663193e-01   7.8673234e-01   7.4363254e-01   6.7128014e-01   7.7708699e-01   1.2642312e-01   3.7424062e-01   3.1380054e-01
   2.2089797e-01   6.9458535e-01   1.0335117e-01   8.0077925e-01   7.8140335e-01   5.6669964e-01   2.4447317e-01   1.4636956e-01   5.9036880e-01   5.2764939e-01
   3.5012823e-01   5.5114390e-01   3.5336213e-01   1.9597591e-01   1.2504831e-01   1.4617927e-01   4.1521926e-01   6.5568445e-01   2.1497171e-01   1.3961840e-01
   6.1016622e-01   5.3815497e-01   6.1555554e-02   3.4648988e-01   8.4542319e-02   1.8092203e-01   9.8558941e-02   7.2217486e-01   2.3436087e-01   2.9192937e-01
   3.4559658e-01   6.0809984e-01   8.5442095e-01   8.3936135e-01   9.9222217e-01   7.1407484e-01   3.7340214e-01   8.6723271e-01   6.5351590e-01   6.8353358e-01
   3.8461311e-01   4.9055004e-01   1.1039144e-01   8.5640945e-01   7.9378518e-01   5.3036599e-01   4.9181972e-01   7.4404526e-02   7.3396528e-01   7.2029194e-01
   3.2647794e-01   9.1997286e-01   5.3394672e-01   7.0946735e-01   8.3818753e-01   9.1566391e-01   4.6313588e-01   8.2923218e-01   9.5696535e-01   6.9221817e-01
   2.7130704e-01   6.1019120e-01   1.2250590e-01   7.6066829e-01   9.0429899e-01   7.8464178e-01   6.4003952e-01   8.9850886e-01   9.6836769e-01   7.5301029e-01
   6.2964481e-01   6.3110472e-01   8.8369756e-01   7.8084600e-01   8.8536169e-01   8.5004527e-01   2.7084929e-01   9.9609047e-01   3.3866411e-01   7.2521961e-01
   2.8982693e-01   6.4944649e-01   5.6484820e-01   3.2284967e-01   2.4424369e-01   6.8724402e-02   6.6479593e-01   6.5333148e-01   2.9309200e-01   2.9336873e-01
   6.0890549e-01   4.5914440e-01   2.8639819e-01   8.6833816e-01   7.3612840e-01   5.3802087e-01   8.4718289e-01   7.6198272e-02   7.6607483e-01   3.7898203e-01
   6.3497486e-01   5.0243542e-01   3.6490667e-01   2.4367597e-01   1.6258138e-02   1.2262941e-01   1.6437087e-01   6.8779112e-01   3.0459022e-01   3.8574978e-01
   2.3532036e-01   5.8597786e-01   5.3463591e-01   3.4788871e-01   1.3080833e-01   1.2092809e-01   9.8813282e-01   7.3507825e-01   2.8971016e-02   2.0844620e-01
   5.8048261e-01   5.5633885e-01   7.8645741e-01   7.9547484e-01   9.6347806e-01   8.1777381e-01   7.8258797e-01   8.7567727e-01   7.1163107e-01   7.6898994e-01
   1.3391280e-01   8.8354243e-01   5.4642607e-01   2.3822053e-01   5.2026042e-02   1.7107228e-01   7.1852644e-01   7.9701451e-01   2.1835354e-01   3.8221679e-01
   5.2900624e-01   3.7769237e-01   7.2627429e-01   8.4938599e-01   6.1080933e-01   5.8265625e-01   4.3867325e-01   3.0134909e-02   4.7757793e-01   7.8748245e-01
   3.8110260e-01   5.9267611e-01   5.3185554e-01   9.7883976e-01   9.2678703e-01   7.7366947e-01   3.0930661e-01   1.0000000e+00   4.5820480e-01   5.1296826e-01
   1.4099870e-02   4.4334028e-01   2.1824838e-01   7.9096871e-01   5.4827487e-01   5.7446231e-01   6.7883784e-01   5.5103834e-02   5.4473088e-01   5.7586584e-01
   6.6843828e-01   4.7778517e-01   1.7037454e-01   9.4816025e-01   7.4663419e-01   4.6341292e-01   4.5303716e-01   1.0288919e-01   6.5198001e-01   3.4773064e-01
   2.2635667e-01   2.4073801e-01   5.3868877e-01   3.6670296e-01   5.1143458e-02   0.0000000e+00   6.4428930e-01   8.1094258e-01   3.0126475e-01   1.6114344e-01
   8.5797588e-01   6.9123113e-01   4.1631751e-01   7.7832379e-01   9.7091772e-01   7.9453835e-01   1.2419873e-01   9.4761243e-01   5.8951565e-01   3.8964710e-01
   6.4728863e-01   4.4693727e-01   1.1436567e-01   4.1992840e-01   2.7973288e-01   1.5020871e-01   2.2414210e-01   6.4073170e-01   1.7968794e-01   3.0357513e-01
   5.6181654e-01   7.8937269e-01   6.4688809e-01   2.9375404e-02   8.2777150e-02   2.3402115e-01   5.5224798e-01   8.3321992e-01   1.8960797e-01   1.5702161e-02
   1.2108922e-01   8.3422739e-01   8.4762460e-01   8.2851583e-01   9.6669063e-01   7.2117456e-01   8.2001975e-01   7.5792254e-01   5.2441196e-01   7.0055537e-01
   2.0029498e-01   7.4665198e-01   1.6328403e-01   7.2485286e-01   7.9980567e-01   6.9557253e-01   4.0109141e-01   8.0186554e-01   5.6156152e-01   6.9395509e-01
   0.0000000e+00   5.8152506e-01   3.1455928e-01   8.9108077e-01   6.8259890e-01   7.3941919e-01   6.0012361e-01   1.3962508e-01   7.3543222e-01   4.6202146e-01
   2.1463136e-01   5.9895013e-01   7.2289496e-01   6.4827002e-01   7.7239839e-01   4.9166043e-01   6.0529462e-01   0.0000000e+00   5.0300477e-01   4.0442960e-01
   5.0602867e-01   9.1422218e-01   1.0222473e-01   5.9877141e-01   6.1781319e-01   5.0589201e-01   8.1788050e-01   1.7765247e-01   5.6233408e-01   2.0709935e-01
   8.1099868e-01   7.7227105e-01   8.9833586e-01   6.5675309e-01   7.5482958e-01   9.2147278e-01   6.4619270e-01   9.3291264e-01   6.8735511e-01   4.9038833e-01
   1.4912393e-01   2.4000000e-01   2.2710912e-01   2.4885163e-01   1.1482891e-01   1.4349298e-01   6.3077719e-01   6.3458361e-01   1.7551701e-01   2.7387188e-01
   1.8117635e-01   6.7162469e-01   2.7150289e-01   8.9157118e-01   9.3388852e-01   7.7151805e-01   2.1803458e-01   8.0139640e-01   7.3848174e-01   1.0000000e+00
   4.4009724e-01   8.2377062e-01   1.7426275e-01   7.3771615e-01   9.5451665e-01   8.4337584e-01   6.8465001e-01   8.5675520e-01   8.6868915e-01   4.5321829e-01
   7.6348184e-01   3.0029268e-01   2.4584624e-01   7.0245093e-01   6.9410524e-01   6.2254778e-01   5.1164191e-01   1.4622606e-01   3.2534284e-01   5.8256256e-01
   4.3344044e-01   9.1949022e-01   8.3610250e-01   6.1504798e-01   5.9605120e-01   7.0017455e-01   7.0928933e-01   6.0126319e-02   2.6014581e-01   6.5756592e-01
   7.4654158e-01   6.5254109e-01   4.6023242e-01   7.6722605e-01   8.2009564e-01   9.4513851e-01   4.9544001e-01   8.1312495e-01   1.0000000e+00   4.7440868e-01
   6.2800607e-01   5.4143796e-01   5.9668230e-01   7.5587609e-01   9.0717340e-01   7.6936662e-01   9.3487894e-01   8.0296020e-01   5.8326275e-01   6.8943911e-01
   4.7888075e-01   7.4717482e-01   7.8122945e-01   7.7781934e-01   9.1173864e-01   7.4935831e-01   3.3443206e-01   9.7795030e-01   6.7558495e-01   9.6838809e-01
   6.4212771e-01   7.7210332e-01   2.5768986e-01   2.8053510e-01   6.5264812e-02   4.7995153e-02   7.2822336e-01   8.1883643e-01   1.8492977e-01   2.7733944e-01
   3.6841781e-01   2.9461254e-01   6.6359082e-01   2.7053349e-01   1.0312305e-02   5.9590995e-02   7.9514807e-01   6.6350238e-01   3.4066308e-01   4.2762221e-01
   7.7758172e-01   4.3118325e-01   6.3841171e-01   7.4682131e-01   6.4782974e-01   5.8696885e-01   3.3525309e-01   1.4895255e-01   4.9192128e-01   2.6067317e-01
   4.6631708e-01   7.1920297e-01   4.0011082e-01   9.0317335e-01   9.6804330e-01   8.6058728e-01   3.3186824e-01   7.8919870e-01   4.8615893e-01   4.2542761e-01
   1.7363728e-01   6.4129708e-01   2.1177133e-01   8.4838264e-01   5.3064015e-01   5.2432836e-01   6.4580085e-01   1.2893437e-01   3.5973428e-01   7.8279474e-01
   5.5172268e-01   8.7957467e-01   8.6736131e-01   9.5629853e-01   6.4970576e-01   5.7176694e-01   3.8150487e-01   1.7542822e-01   6.7137613e-01   7.4886465e-01
   8.5904760e-02   5.4079905e-01   6.5784285e-01   8.1805916e-01   6.9673169e-01   6.2610568e-01   7.4232633e-01   1.8748219e-01   4.9795201e-01   7.4350727e-01
   1.0000000e+00   6.2326215e-01   3.8494973e-01   7.3090618e-01   7.4705176e-01   8.7285044e-01   6.5132033e-01   9.9577772e-01   8.0579235e-01   6.8005975e-01
   1.3644799e-01   5.9719557e-01   7.0804957e-01   2.6479829e-01   1.5960847e-01   1.2580819e-02   6.5048898e-01   7.8836166e-01   2.2985176e-01   1.8410785e-01
   1.1289553e-01   8.3867151e-01   4.4768531e-01   7.8135044e-01   1.0000000e+00   7.9884121e-01   1.8778149e-01   9.6700365e-01   4.3208976e-01   6.8283881e-01
   4.4700868e-01   3.7667896e-01   5.2849519e-01   4.1405331e-01   1.9556218e-01   1.4788059e-01   5.5415557e-01   6.5970727e-01   2.0606622e-01   3.1587516e-01
   2.0290616e-01   3.1881919e-01   7.1419028e-01   3.3627843e-01   1.4613744e-01   2.3205120e-01   6.1392679e-01   7.0919557e-01   3.3277214e-01   3.7946891e-02
   3.7547432e-01   3.2825383e-01   6.2151506e-01   6.3132455e-01   5.4327211e-01   5.6152452e-01   4.0534897e-01   7.8637763e-02   8.1203874e-01   5.4550734e-01
   9.3608916e-01   5.9476746e-01   2.5163662e-01   9.4453765e-01   9.0649707e-01   9.4750509e-01   1.1650726e-01   7.8607108e-01   9.4372392e-01   7.4918908e-01
   5.2016700e-01   1.6059040e-01   2.0131813e-01   3.5977876e-01   3.8369206e-02   2.0411372e-01   4.0790683e-01   7.0130173e-01   2.5611731e-01   1.6461099e-01
   4.4519033e-01   8.3256752e-01   2.7034638e-01   1.0000000e+00   6.9272949e-01   6.9855732e-01   4.0218891e-01   4.2834621e-02   5.9705150e-01   7.3636409e-01
   5.4841626e-01   4.1328416e-02   5.4028536e-01   2.5067011e-01   7.2186134e-02   1.9802478e-01   7.8306665e-01   7.4107453e-01   2.8723016e-01   3.2634327e-01
   2.3630337e-01   4.5002664e-01   6.0377359e-01   6.9676528e-01   7.8478022e-01   5.7780457e-01   3.9299601e-01   6.3498559e-02   8.2132931e-01   6.7207550e-01
   6.9585469e-01   8.1960004e-01   0.0000000e+00   6.9319781e-01   7.9678683e-01   4.5705184e-01   2.7348826e-01   2.9058663e-02   5.2403082e-01   5.5064150e-01
   5.4696758e-01   6.4354243e-01   4.4399902e-01   1.2869225e-01   1.5171166e-01   7.9827762e-02   2.9217955e-01   7.1374971e-01   2.5747005e-01   2.1014727e-01
   1.7465691e-01   3.8612546e-01   3.3199245e-01   2.9319451e-01   4.9889258e-02   5.9053734e-02   4.6259114e-01   6.9128262e-01   1.0866949e-01   1.6932164e-01
   9.4155162e-01   7.2599987e-01   7.4829327e-01   9.1174888e-01   8.7166596e-01   8.3692154e-01   6.3645017e-01   8.5394035e-01   5.7958459e-01   9.7220931e-01
   8.9894438e-01   4.7869737e-01   7.7234190e-01   7.8412487e-01   7.6920164e-01   7.2461685e-01   5.6568872e-01   7.8044137e-01   6.9507928e-01   4.7267177e-01
   4.4938343e-01   8.9513804e-01   2.7620807e-01   8.0758147e-01   9.5536207e-01   9.1071562e-01   6.1029920e-01   7.5807892e-01   4.2326214e-01   8.6347826e-01
   3.8055050e-01   4.6376384e-01   1.7454463e-01   3.5824004e-01   2.4470821e-01   1.7984751e-01   2.6515534e-01   7.0972689e-01   3.5475404e-01   8.6231036e-02
   3.1907216e-01   8.9594091e-02   1.6140352e-01   2.9508292e-01   2.8897679e-01   2.2923058e-01   4.8150809e-01   6.9435667e-01   3.5898133e-01   2.2813933e-01
   2.8332446e-01   7.9893581e-01   9.7048177e-01   7.7126158e-01   8.3903293e-01   8.5219670e-01   4.0519352e-01   7.7058938e-01   6.9986091e-01   3.7992036e-01
   2.7416309e-01   8.6184501e-01   4.8956309e-01   3.0067824e-01   4.2967937e-02   1.8410081e-01   5.1965993e-01   6.1359663e-01   1.3262412e-01   1.1613057e-01
   3.4668906e-01   7.4351495e-01   3.7031143e-01   7.6419939e-01   8.0454000e-01   8.6854757e-01   5.7132912e-01   8.3126513e-01   7.6901060e-01   5.7584468e-01
